120
41.741111 -72.682778
47.206111 -91.358056
38.905278 -75.485556
38.261528 -85.543889
39.938889 -82.005556
40.623611 -103.210278
45.355355 -122.604175
38.635000 -90.216389
42.599167 -76.179444
35.118611 -92.9375
42.879167 -72.005
34.031944 -80.020556
43.870099 -95.600501
40.814167 -73.916389
35.826389 -79.234444
42.936667 -97.663333
40.090833 -83.128333
31.625 -92.988333
40.156944 -84.235278
39.1009 -94.5845
36.267222 -93.943056
35.296389 -84.953056
43.086555 -70.745018
31.201111 -89.221944
31.179167 -83.788333
32.494167 -93.741389
26.712222 -80.051111
36.50132 -88.90115
37.451944 -86.906389
44.659444 -111.098056
46.141469 -122.940494
36.815833 -100.521111
44.423333 -73.016944
35.225 -111.654722
33.331389 -91.2825
40.795278 -82.788333
40.651944 -81.318056
38.614722 -77.279167
42.920556 -78.868889
46.614722 -112.050278
42.478333 -78.698889
32.541944 -85.003056
40.0881 -80.4875
44.986111 -72.81
47.250706 -122.455278
45.521203 -122.677160
31.759722 -106.486389
35.225278 -90.785833
33.770833 -118.194444
33.584722 -92.843889
38.839167 -82.140556
42.916111 -72.613333
29.959444 -90.070556
38.244444 -84.094722
39.077778 -105.809167
35.749444 -83.835278
39.697500 -89.586667
37.7829 -122.4071
35.209722 -80.861111
39.966389 -82.956389
34.885278 -91.193056
44.457406 -93.147281
34.274722 -83.265833
32.836667 -83.633611
38.011667 -80.905
36.61 -88.305
39.764167 -86.158333
43.430278 -96.155278
43.679722 -70.448056
39.761389 -75.575000
33.666107 -95.554296
40.608056 -78.978611
39.018611 -104.267778
34.236667 -96.541944
38.145278 -79.068056
33.776389 -84.303611
46.252222 -117.25
42.2647 -71.7872
41.457222 -72.014167
42.939167 -72.316667
41.825833 -71.411111
41.869167 -73.475556
39.982222 -76.161111
39.9911 -75.1381
38.912778 -77.033056
37.443056 -108.982222
36.343611 -88.839167
40.4378 -105.8819
34.215556 -97.135556
41.411667 -75.655833
44.3161 -69.7571
41.989444 -73.096667
32.409167 -91.191389
36.868889 -87.485556
41.648889 -83.545833
38.533889 -106.948611
32.011389 -97.128889
37.382222 -122.192778
41.8275 -87.820833
41.810833 -87.807778
44.293889 -68.246667
42.974994 -72.21025
47.101667 -122.0425
30.0275 -95.257778
33.494444 -105.526389
41.1017 -80.6501
46.88 -96.787778
42.320556 -71.144167
34.746111 -112.026667
41.738611 -73.47
36.874444 -76.280278
35.192386 -93.6162
39.225556 -106.003333
35.500278 -76.028056
42.293056 -71.108056
46.177266 -96.409543
44.523333 -107.661667
30.647778 -91.156944
42.582778 -99.535278
41.799722 -74.745833